BodySplitter Settings
[double]
printXOffset = 0.000000
printSpeed = 2552.000000
extrusionMultiplier = 1.000000
T2 = 210.000000
travelDistanceWithoutRetract = 5.000000
T0 = 210.000000
T1 = 210.000000
printYOffset = 0.000000
T3 = 210.000000
zLiftFeed = 200.000000
T4 = 210.000000
filamentD = 1.750000
coastLength = 0.000000
zLift = 0.000000
travelSpeed = 2552.000000
bedTemp = 70.000000
extrusionSpeed = 30.000000
retractAmount = 0.000000
stepsPerMMY = 25.000000
retractFeedrate = 2400.000000
wipeDistance = 0.000000
wipeFeedRate = 1000.000000
issueAmount = 0.000000
issueFeedrate = 2400.000000
stepsPerMMZ = 8000.000000
fanSpeed = 255.000000
colourChangeThreshold = 5.000000
stepsPerMME = 744.000000
mixerSpeed = 60.000000
mixerSpeedOnPurge = 150.000000
stepsPerMMX = 25.000000
tempBed = 70.000000
[boolean]
infillBeforePerimeter = 0
retractAllActive = 0
quantizeMovement = 0
avoidCrossingPerimeter = 0
resetEAxis = 0
noFanLayerOne = 1
retractOnLayerChange = 0
printEachColourGroup = 1
addDebugComments = 1
waitForNozzle = 0
useSoftwareRetraction = 1
waitForBed = 0
useConstantExtrusionSpeed = 0
perimetersInsideOut = 0
[colours]
[string]
 = 
