BodySplitter Settings
[double]
maxY = 340.000000
gridSize = 20.000000
cameraOriginX = 0.000000
threadCount = 5.000000
cameraOriginY = 0.000000
maxX = 290.000000
defaultColourCount = 5.000000
maxZ = 182.000000
cameraX = 20.000000
cameraY = 20.000000
cameraZ = 20.000000
cameraOriginZ = 20.000000
purgeTime = 10.000000
[boolean]
estimateTime = 1
simpleGCodePreview = 0
savePerimetersToTestFile = 0
colourPreviewByType = 0
[colours]
[string]
 = 
